$coord
          1.717075154174         -2.695200832704          3.796857893894     c 
         -0.752837376648         -2.708362117261          0.326971821503     c 
          1.308629279724         -2.200897556898         -1.171997413872     c 
          3.652485896881         -1.935884551237          0.059264409056     c 
         -5.190862672935          3.643394895314         -1.640078973726     c 
         -2.596050095766          3.487714062203         -2.878679531694     c 
         -0.539159828977          3.685487267726         -0.938723874303     c 
          1.918349695903          4.280622749171         -1.648074463933     c 
          3.831731582155          4.431228043699          0.122563154547     c 
          3.303221881643          3.979881776477          2.645278080354     c 
          0.865394130315          3.388583828602          3.368982969525     c 
         -1.067313611511          3.234615846682          1.598544413265     c 
         -3.706432966904          2.621759950154          2.464737491932     c 
         -5.289699141267          1.802788524775          0.392608660659     n 
         -7.846663842093          1.147267817782          1.141579696943     c 
         -8.916375686854         -1.086418886556         -0.422013323286     c 
         -8.646419725972         -0.761552036080         -3.031737464871     o 
         -7.776259264240         -3.635996199081          0.439026028821     c 
         -5.092708753018         -3.526971349827          0.931567650696     n 
         -3.340248704565         -2.934117219814         -0.795894484582     c 
         -3.730327750856         -2.648903913029         -3.054918588527     o 
         -0.561363340141         -2.967275379898          2.845233431232     n 
          3.823759573115         -2.201139280059          2.565560043529     n 
          5.776408771987         -1.427767246272         -1.252008081375     n 
          8.202467916138         -1.103651813572         -0.117705187672     c 
          9.838630338915          1.068816523597         -1.142551641202     c 
         11.782375379282         -0.651800820768         -1.879375034180     o 
         10.350674926205         -2.805317835275         -1.104473709244     c 
          1.895489879138         -2.907137874556          5.825171181581     h 
          1.108364604518         -2.007477852317         -3.188620950001     h 
         -5.524021736308          5.576192622298         -0.916553588678     h 
         -6.657737389547          3.201224913179         -3.016045783789     h 
         -2.441181500316          1.660911259490         -3.831851511155     h 
         -2.388154681666          4.968770449811         -4.300284390338     h 
          2.320250237132          4.637242512651         -3.619804935496     h 
          5.730273740977          4.909240621753         -0.455174865791     h 
          4.786903009967          4.083234902233          4.041563206250     h 
          0.445179611459          3.033075373269          5.336363849800     h 
         -4.493104267368          4.322558127120          3.409198245027     h 
         -3.614089145100          1.111870756502          3.876994332863     h 
         -9.128298633619          2.773346070275          0.932462891357     h 
         -7.861951544365          0.587086877656          3.130033899605     h 
        -10.963110905030         -1.162168954690         -0.079585597650     h 
         -6.913801273887         -1.233560376347         -3.465982231171     h 
         -8.128535448027         -5.011190436074         -1.069374309282     h 
         -8.708206197485         -4.281780042476          2.159479033358     h 
         -4.452709674448         -3.554910585538          2.731440549996     h 
          5.637772188472         -1.239295889245         -3.143476392391     h 
          7.934756104599         -1.130377056641          1.923117886434     h 
          9.034959189100          2.055055709499         -2.773928910135     h 
         10.503882590684          2.441644969022          0.247224534932     h 
         11.343805843244         -3.929484423991          0.311951214797     h 
          9.833530783617         -4.002081525007         -2.709998435874     h 
$end
