    0.17010051
    0.09012959
   -0.03692449
    0.17874533
   -0.00481842
   -0.04743917
   -0.00430205
   -0.03427657
   -0.03256326
   -0.03181125
   -0.03388603
   -0.00621065
   -0.00337524
   -0.21873166
   -0.01434880
    0.08526726
   -0.48075049
    0.00953072
   -0.31143121
    0.29937058
   -0.48545792
   -0.30977982
   -0.30775234
   -0.32366582
    0.04176643
    0.04686134
   -0.35242401
    0.04662553
    0.06864638
    0.09789321
    0.05212951
    0.05185521
    0.04452721
    0.05463013
    0.05015456
    0.05180463
    0.05213220
    0.05053920
    0.05184407
    0.04873587
    0.07009825
    0.08472605
    0.05861769
    0.29359218
    0.11072420
    0.08427203
    0.16240231
    0.17113580
    0.08905297
    0.06947986
    0.06513676
    0.06640050
    0.07102114
