           2           3   1.4829977262946488     
           3           4   1.2716083654920720     
           5           6   1.0016542515687412     
           6           7   1.0116444042176636     
           7           8   1.4070788417524411     
           8           9   1.4522418263485561     
           7          10  0.10578452986584376     
           9          10   1.4262501150559164     
           8          11  0.11055544831663998     
          10          11   1.4532321764679599     
           7          12   1.3950759981389074     
           9          12  0.10682692250521625     
          11          12   1.4069098538215774     
          12          13   1.0060840818542878     
           5          14  0.99940110322284836     
          13          14   1.0030521151162795     
          14          15   1.0048563761399139     
          15          16  0.98077665637534717     
          16          17   1.0041406154589048     
          16          18  0.97072089355597269     
          18          19   1.0020886015363806     
           2          20  0.96387538990490107     
          19          20   1.2668655565959126     
          19          21  0.21036085690703371     
          20          21   1.6567923852562529     
           1          22   1.4480288749450889     
           2          22   1.3269031863208871     
           1          23   1.4300916673541189     
           4          23   1.3229943100540800     
           4          24   1.2330591262171060     
          24          25   1.0121723828575704     
          25          26  0.97623059634441756     
          26          27  0.98113380398097416     
          25          28  0.97908270088964500     
          27          28  0.98101953254591090     
           1          29  0.95553999538446610     
           3          30  0.96274049073911672     
           5          31  0.97230942929029607     
           5          32  0.96680900389190116     
           6          33  0.96894547618161331     
           6          34  0.95894434110096416     
           8          35  0.96945787834524166     
           9          36  0.97116008507317142     
          10          37  0.97113843724093929     
          11          38  0.96978916520824510     
          13          39  0.96093565665659453     
          13          40  0.94627160954892908     
          15          41  0.96377470977322544     
          15          42  0.96785218429425535     
          16          43  0.95529124716057756     
          17          44  0.86655469152243303     
          18          45  0.96393903417047622     
          18          46  0.96673153290153402     
          19          47  0.92076031103019584     
          24          48  0.93641538611806330     
          25          49  0.95803350908450169     
          26          50  0.97144866611198566     
          26          51  0.97306523660887934     
          28          52  0.97305083116425428     
          28          53  0.97118020605438060     
